version https://git-lfs.github.com/spec/v1
oid sha256:64f9e122fe50b8f68ea7b987bc9e9c8073ea0d4dba97f713ffe4bd6a69954bb8
size 748915155
